D 2048 1024
A 9 2 15 15
O 1
P 40 20 80 80 1 0.565 0.412 5 10
L 0
Q 24
R 0 0 1920 20 0.376 0.509 0.412
R 0 0 20 1024 0.376 0.509 0.412
R 0 1024 1920 20 0.376 0.509 0.412
R 1900 0 20 1024 0.376 0.509 0.412
R 200 110 60 10 0.988 0.635 0.525
R 330 120 60 50 0.988 0.635 0.525
R 470 150 60 50 0.988 0.635 0.525
R 700 150 110 50 0.988 0.635 0.525
R 1000 20 60 180 0.988 0.635 0.525
R 1400 20 100 100 0.988 0.635 0.525
R 1500 20 300 200 0.988 0.635 0.525
R 1600 20 320 100 0.988 0.635 0.525
R 1110 400 360 20 0.988 0.635 0.525
R 1110 420 60 90 0.988 0.635 0.525
R 900 420 60 90 0.988 0.635 0.525
R 0 400 960 20 0.988 0.635 0.525
R 180 420 60 90 0.988 0.635 0.525
R 20 420 60 130 0.988 0.635 0.525
R 225 660 60 40 0.988 0.635 0.525
R 350 730 1570 20 0.988 0.635 0.525
R 910 740 60 90 0.988 0.635 0.525
R 1010 740 60 90 0.988 0.635 0.525
R 1110 740 60 90 1 0.686 0.612
T 1720 750 80 80 1 0 1
N 1
