D 1920 1080
A 9 2 15 15
O 2
P 50 660 80 80 1 0.565 0.412 5 10
P 150 660 120 40 0.5 0.5 0 4 15
L 1
M 750 360 115 60 1 0.5 0 0 3
Q 24
R 0 0 1920 20 0.376 0.509 0.412
R 0 0 20 1080 0.376 0.509 0.412
R 0 1060 1920 20 0.376 0.509 0.412
R 1900 0 20 1080 0.376 0.509 0.412
R 20 20 600 400 0.988 0.635 0.525
R 1010 370 75 60 0.988 0.635 0.525
R 1120 320 75 60 0.988 0.635 0.525
R 1230 260 75 60 0.988 0.635 0.525
R 1330 200 75 60 0.988 0.635 0.525
R 1430 140 75 60 0.988 0.635 0.525
R 1550 120 75 20 0.988 0.635 0.525
R 1840 20 60 60 0.988 0.635 0.525
R 20 640 1610 20 0.988 0.635 0.525
R 340 700 20 120 0.988 0.635 0.525
R 360 800 1270 20 0.988 0.635 0.525
R 530 820 115 80 0.988 0.635 0.525
R 1300 820 115 80 0.988 0.635 0.525
R 1580 820 50 130 0.988 0.635 0.525
R 530 660 270 40 0.988 0.635 0.525
R 650 700 115 40 0.988 0.635 0.525
R 960 660 115 80 0.988 0.635 0.525
R 1250 660 115 40 0.988 0.635 0.525
T 50 420 80 80 1 0.686 0.612
T 150 420 120 40 1 0 1
N 2
